####
# Wall Drawing matplotlib drawings/86_001_5.0m_10.0m_2500.png
#
# User input was Height(m): 5.0, Width(m): 10.0, Number of lines: 2500
#
#
x, y, degrees
4.3288, 4.3608, 68.94
4.8727, 4.0886, 34.99
4.0631, 1.0681, 350.23
7.5303, 0.1944, 314.44
3.4088, 2.4592, 138.96
3.7227, 3.1636, 344.63
3.5166, 0.2974, 88.29
6.0447, 1.8597, 136.69
9.3167, 1.6193, 312.99
2.9702, 3.0514, 190.62
3.7576, 2.3611, 343.29
9.2417, 0.1539, 88.89
1.1920, 1.9371, 240.51
4.2178, 3.4906, 150.09
2.9789, 0.4210, 18.77
4.3616, 2.7663, 305.96
8.8294, 1.9356, 141.37
4.0014, 4.3098, 119.06
8.1871, 3.2079, 32.84
1.4118, 4.0253, 279.63
1.5654, 4.9248, 325.58
7.5868, 1.3374, 347.59
6.2461, 2.5642, 111.57
2.4460, 0.5702, 260.56
4.0849, 4.5863, 134.64
5.6650, 4.5932, 7.29
6.6917, 1.3466, 231.11
2.0784, 2.7951, 320.30
9.1833, 3.5289, 106.03
5.6341, 0.7569, 155.89
0.3840, 1.6051, 327.91
3.6410, 2.6684, 187.34
8.2590, 4.4006, 310.00
2.5651, 3.4803, 37.83
2.5414, 0.9565, 347.43
1.7991, 3.1637, 17.16
3.2959, 1.7585, 232.75
6.9422, 1.1352, 190.61
3.4924, 2.3084, 44.93
4.5474, 4.6892, 103.03
9.8251, 0.3151, 144.70
5.7879, 2.8403, 303.66
4.3742, 0.3562, 265.96
8.9669, 1.7088, 279.27
6.0231, 2.6259, 103.50
2.5764, 1.0045, 243.62
0.6389, 1.3022, 97.42
2.0760, 2.2917, 332.33
7.0573, 3.2748, 264.53
6.3456, 4.5494, 240.49
6.1815, 0.2606, 346.60
7.9650, 0.0645, 167.27
3.8394, 0.8649, 228.61
1.7868, 0.8873, 342.04
3.2545, 0.4365, 214.59
6.5099, 3.3246, 319.93
2.8553, 4.6473, 204.64
6.7652, 2.0401, 38.95
4.7880, 1.7076, 51.75
1.8104, 0.5190, 68.64
6.7099, 2.2450, 42.21
5.8476, 2.9378, 121.92
9.3914, 3.4574, 33.32
3.7961, 0.6396, 133.12
9.0189, 1.0303, 98.12
5.5984, 2.7050, 54.20
5.8477, 3.8612, 1.71
9.1487, 1.9312, 255.91
3.5962, 3.4941, 71.38
8.7310, 2.3862, 202.84
6.8863, 2.6910, 318.37
9.5066, 4.9912, 62.92
2.0642, 1.1537, 346.29
3.7688, 0.7254, 84.74
4.4703, 0.3158, 97.22
7.2161, 1.1053, 106.68
5.1342, 3.2279, 293.24
2.3618, 4.2391, 26.57
3.8009, 4.5308, 40.12
4.6188, 0.6716, 295.00
8.3087, 4.5864, 184.09
3.1111, 4.4775, 328.45
2.1674, 3.6244, 139.04
5.0969, 3.6620, 140.13
0.4895, 0.3811, 31.29
4.7794, 2.8311, 212.72
3.4468, 3.2835, 137.71
8.1526, 0.3492, 264.98
2.5329, 0.2716, 165.24
0.3457, 2.4207, 258.59
8.4602, 3.9180, 26.49
5.1917, 1.2927, 113.54
6.4414, 0.3749, 131.36
6.0698, 4.6295, 10.82
4.1839, 3.1547, 216.17
2.7183, 3.2456, 319.72
9.6876, 0.8597, 139.51
8.4018, 0.0270, 10.94
9.8100, 3.8696, 248.31
5.2796, 0.5596, 146.49
2.8335, 0.4838, 173.30
4.9984, 3.8362, 348.28
1.2699, 1.9629, 310.07
0.3976, 3.2292, 174.59
6.8876, 0.5907, 144.66
4.6999, 3.4632, 211.40
5.5110, 4.2492, 241.31
3.5474, 4.5740, 199.67
2.5418, 4.8184, 222.63
2.3233, 1.3244, 342.84
4.0848, 1.7054, 109.35
1.8465, 2.6110, 84.91
4.1708, 4.8496, 123.24
7.0932, 4.1505, 113.39
6.6343, 4.3433, 87.98
0.3573, 2.0349, 118.25
6.6069, 0.9977, 351.62
5.7047, 2.5575, 80.04
4.1137, 4.4894, 28.81
7.7257, 1.7959, 352.89
1.7403, 2.8527, 167.53
1.8820, 1.6762, 47.63
3.3364, 2.2719, 10.13
1.5113, 3.8166, 64.76
3.8718, 2.3193, 4.43
1.7552, 1.9709, 305.20
3.5704, 1.3577, 304.56
5.2718, 4.8287, 184.14
6.4738, 1.2757, 314.15
4.9807, 2.0377, 315.95
5.4687, 2.6278, 155.86
7.8631, 4.6281, 120.56
3.5655, 3.3848, 263.20
3.1564, 2.9338, 317.25
4.1536, 0.7007, 203.37
8.6688, 3.1318, 148.03
8.2634, 4.7568, 235.40
7.1628, 3.2833, 184.52
8.6101, 3.2635, 307.91
6.7385, 2.8917, 11.37
4.9063, 4.7041, 101.80
7.7381, 1.2945, 70.37
9.3147, 1.7794, 339.94
9.0996, 4.4509, 148.58
5.3479, 3.5273, 202.97
0.5070, 4.8219, 279.55
0.7809, 3.8154, 316.31
7.0256, 1.9276, 298.25
3.0178, 2.7678, 316.50
2.9352, 1.8912, 184.44
2.5204, 0.6968, 299.84
7.1202, 0.7860, 37.48
7.7367, 4.9031, 122.16
6.1139, 2.4215, 323.87
8.8447, 3.5372, 119.77
9.9125, 2.6266, 77.44
7.8734, 2.9441, 183.12
6.3369, 2.3869, 231.87
4.1320, 4.6979, 318.25
2.7490, 3.8580, 336.76
6.1188, 1.8738, 131.14
9.7814, 1.8203, 198.51
3.8528, 3.9414, 119.93
8.7548, 3.3043, 31.16
8.1241, 1.9435, 25.25
3.2705, 1.4647, 76.05
0.6161, 1.8118, 64.94
7.5574, 2.7281, 270.13
9.4760, 0.7253, 193.15
0.1440, 1.6280, 265.22
1.5567, 4.9386, 34.34
7.3469, 4.9711, 34.10
2.2312, 0.2440, 153.06
9.7949, 4.8790, 57.76
6.9685, 2.5077, 252.53
3.2790, 4.3155, 26.64
0.6238, 1.3110, 76.37
4.7924, 4.4576, 31.38
4.5051, 2.0421, 14.57
4.1554, 2.5092, 255.90
6.5557, 3.0649, 5.75
0.2934, 4.5110, 227.25
0.4169, 4.1380, 338.06
0.0669, 2.2288, 63.05
2.6931, 0.6511, 109.92
5.2312, 1.5152, 281.57
1.0510, 1.4885, 41.40
0.1369, 0.7726, 20.00
6.5179, 4.7896, 129.42
0.9468, 0.2042, 117.90
6.0864, 2.3928, 116.69
7.1963, 3.3321, 39.24
1.5516, 4.2167, 331.84
1.4789, 0.9519, 238.69
6.9879, 4.8601, 74.25
5.1205, 3.5053, 35.02
6.2848, 1.6495, 188.52
8.9771, 1.4670, 214.82
1.7525, 2.4748, 241.82
5.1675, 4.2558, 210.65
9.1475, 2.1468, 339.37
0.1815, 4.9330, 244.48
9.3121, 4.6437, 357.94
3.4029, 0.2500, 170.94
1.9125, 4.4819, 1.03
1.6212, 2.3682, 144.54
6.1326, 0.2553, 218.02
8.9051, 2.3011, 18.93
1.7550, 2.4207, 19.18
8.6978, 2.4229, 292.95
7.3614, 3.0412, 331.74
3.0636, 4.8659, 233.34
7.9985, 1.0742, 255.56
9.3362, 1.0042, 202.34
8.1071, 2.6815, 300.73
9.8521, 3.4713, 250.61
4.8245, 2.3381, 197.99
6.0915, 1.1540, 33.33
0.5715, 1.6757, 149.28
2.1738, 3.6292, 28.95
6.2990, 4.3279, 112.65
6.2594, 0.2545, 117.55
7.4132, 0.2509, 263.44
5.8098, 2.0418, 309.18
7.7809, 4.8098, 233.44
5.2969, 2.7684, 329.41
8.2901, 2.2376, 230.21
2.3611, 4.9352, 204.95
9.2459, 4.6532, 116.13
7.7026, 3.6533, 62.22
5.4560, 3.8879, 275.99
1.3363, 1.7125, 97.09
9.9748, 4.2481, 302.11
0.7647, 3.6194, 174.51
8.2472, 3.3895, 6.82
0.5019, 2.9530, 110.84
6.4325, 1.0440, 116.86
9.9074, 2.4388, 245.36
6.7010, 1.5191, 309.08
6.5927, 2.7947, 187.63
5.5581, 2.0657, 228.10
2.7871, 0.8018, 12.51
4.7731, 2.6226, 8.32
9.4553, 2.8009, 326.02
6.6195, 2.3633, 318.83
1.7325, 4.2787, 243.69
0.3784, 2.1924, 229.74
5.4051, 4.6471, 283.26
5.5254, 3.3306, 21.01
6.0034, 4.1491, 223.27
0.3249, 4.3396, 119.62
5.2700, 3.4209, 86.46
2.8054, 1.9705, 197.59
5.4345, 1.7716, 265.69
7.0115, 2.0173, 222.31
1.2615, 1.0091, 48.53
4.9559, 1.2804, 148.26
6.1794, 4.1000, 279.31
0.6572, 0.5624, 119.35
6.3166, 0.6507, 202.93
5.0800, 0.1473, 185.71
1.4138, 0.5452, 190.47
5.8702, 0.6990, 251.35
8.7525, 3.3823, 126.41
4.3303, 1.6299, 196.96
0.3119, 0.8501, 171.16
9.2112, 1.9146, 306.78
3.8639, 4.6676, 76.31
8.2162, 3.4793, 13.73
4.6314, 0.8953, 13.59
6.0212, 3.8683, 120.24
8.8298, 0.1307, 123.32
2.4261, 3.9514, 97.53
7.4164, 2.6583, 269.39
1.3872, 0.0856, 159.18
2.2988, 0.5163, 217.13
7.2541, 0.6253, 327.30
7.4965, 4.3155, 341.24
6.8042, 1.3147, 83.96
5.7932, 3.4580, 342.32
6.9496, 0.6069, 268.53
5.8618, 2.8029, 218.50
1.3637, 4.0532, 324.40
1.3687, 1.1244, 320.05
2.1327, 0.3165, 236.55
9.2492, 4.8308, 311.02
8.7826, 1.7659, 12.25
1.6733, 3.0730, 312.37
1.5915, 1.4172, 241.96
8.5602, 4.0708, 246.25
3.5478, 0.1302, 256.66
0.3557, 0.2807, 138.68
8.0443, 3.1440, 320.45
7.0998, 4.3292, 103.90
3.4624, 4.1975, 278.35
7.7151, 0.8123, 330.57
8.4499, 2.6149, 173.72
9.9977, 0.0221, 272.98
7.3171, 2.3479, 196.41
6.1008, 1.9538, 290.56
8.2473, 4.2473, 55.85
1.2161, 2.7460, 336.75
5.8653, 3.6676, 224.78
4.3253, 2.7588, 213.67
8.5402, 1.2443, 254.01
2.3830, 4.0758, 346.01
7.4160, 1.2268, 190.66
8.5640, 3.9652, 247.86
9.9389, 1.3480, 40.40
2.0473, 3.2445, 263.34
4.9592, 1.8562, 262.74
0.3493, 1.4122, 57.15
1.1142, 2.7237, 106.12
5.5723, 3.3350, 73.29
5.7745, 4.8872, 178.67
3.1346, 2.7072, 128.72
6.5450, 2.2987, 172.77
4.5307, 1.7566, 154.86
6.2660, 0.8418, 156.34
4.6726, 1.8619, 72.56
6.1847, 2.1152, 187.16
9.8128, 4.5236, 102.59
7.8008, 3.6221, 59.39
0.8061, 0.9355, 28.41
0.6005, 3.8644, 246.81
6.5480, 0.3402, 250.41
3.1685, 2.4115, 23.24
3.6053, 1.9304, 141.71
9.9497, 0.7694, 58.03
3.8338, 1.5086, 64.37
5.9263, 2.1871, 41.70
1.9602, 0.6729, 36.79
4.9610, 2.1316, 25.59
8.2941, 2.0711, 65.95
4.7866, 1.9498, 27.16
5.5106, 4.7293, 61.20
9.0243, 4.1883, 288.02
9.8862, 3.5117, 298.20
2.4598, 0.6690, 127.49
1.6777, 3.5150, 315.75
1.2850, 1.9519, 81.99
4.7764, 1.5559, 165.97
8.4265, 4.2489, 63.74
4.7959, 3.7070, 261.06
3.2904, 0.9175, 246.25
6.8843, 4.3141, 68.67
4.0271, 0.4523, 267.96
2.6220, 0.5594, 260.20
8.9241, 1.8663, 203.74
1.5663, 1.0639, 220.81
0.5417, 3.8675, 342.24
9.9902, 0.2797, 213.30
9.2739, 2.3006, 187.54
0.5582, 3.0653, 254.84
7.2010, 1.3098, 15.52
1.7448, 1.9486, 86.77
5.0651, 3.8398, 140.83
4.7395, 3.8465, 147.04
4.6687, 3.3631, 70.78
5.3665, 1.3963, 213.94
4.0719, 1.4886, 31.05
5.8156, 4.8145, 42.29
1.5898, 1.9898, 146.62
7.8316, 3.4224, 261.32
7.0245, 1.7906, 191.09
8.1965, 0.8581, 74.97
6.8125, 2.9561, 107.02
5.3709, 2.4866, 56.81
0.8735, 0.8236, 151.43
8.6970, 4.8069, 231.23
2.8559, 4.9804, 205.48
2.5911, 4.9657, 63.41
4.3675, 2.6761, 268.53
1.5430, 0.8611, 321.38
7.7702, 2.1039, 15.85
1.0435, 4.7561, 254.99
4.0456, 2.7298, 176.50
8.0662, 3.6139, 222.23
1.0976, 4.2258, 198.11
7.8197, 4.8635, 197.71
9.1194, 1.5173, 5.12
8.4636, 4.8909, 244.52
8.8423, 1.8805, 276.56
0.4708, 4.2667, 3.83
4.8225, 4.2511, 238.09
0.2692, 3.3288, 194.77
1.8143, 3.8629, 152.98
8.6250, 2.6585, 152.20
3.2666, 2.5001, 43.12
6.9091, 0.6400, 30.90
7.3615, 4.4733, 72.00
3.8759, 3.8097, 269.62
3.7662, 1.9563, 157.98
4.6780, 2.1372, 252.26
4.9392, 3.3425, 154.55
8.2255, 3.1588, 299.13
0.5507, 2.0850, 93.76
1.6754, 4.1827, 55.18
6.2529, 1.5330, 47.03
4.8561, 0.3057, 89.83
1.1592, 1.6944, 141.29
4.4868, 0.2748, 97.75
9.6510, 3.0592, 244.38
5.4967, 4.5099, 64.37
5.3210, 4.7206, 37.82
3.9620, 4.4404, 249.26
4.7580, 1.5030, 246.41
8.7577, 2.8928, 12.62
1.1607, 0.6892, 112.19
2.3074, 0.2904, 63.60
6.2713, 4.0207, 315.26
9.8173, 2.7189, 347.30
3.3272, 1.5027, 284.44
5.8328, 2.6551, 199.25
9.7404, 2.7233, 184.18
6.1505, 2.4918, 11.61
4.6127, 3.3549, 335.05
6.9342, 2.6173, 359.06
8.6095, 2.6429, 281.19
9.4107, 3.0945, 344.35
3.1009, 1.9499, 207.64
4.3904, 0.6035, 200.41
8.6030, 4.5365, 313.17
2.9037, 2.6917, 70.02
7.6666, 1.9779, 253.20
0.5412, 4.4919, 325.42
5.6201, 3.6732, 195.50
0.4104, 4.6304, 183.58
6.7114, 0.2054, 264.84
6.2913, 3.2942, 352.84
1.5881, 2.7388, 292.79
6.8978, 0.7677, 172.76
9.9603, 3.0353, 92.82
3.8132, 2.8337, 97.29
7.4666, 0.6426, 45.18
6.7165, 0.9729, 117.36
6.0647, 1.3593, 192.28
5.6018, 3.9172, 271.81
1.4661, 0.5936, 7.68
6.5063, 1.5225, 53.48
5.2126, 0.9319, 215.06
2.4265, 3.7148, 182.61
1.3677, 0.3835, 113.76
3.7191, 0.7248, 194.23
2.9230, 0.7174, 176.76
1.6937, 1.1651, 75.20
3.5579, 4.0937, 233.16
2.3032, 2.6180, 212.31
6.3391, 1.0251, 0.93
0.1749, 3.8675, 134.55
8.3416, 3.1390, 179.37
4.1091, 4.0681, 253.83
5.5108, 3.3538, 211.42
2.5718, 4.4317, 142.80
0.7263, 4.0619, 70.96
0.7438, 1.0555, 96.88
3.4283, 4.6791, 249.92
4.4283, 0.1763, 52.53
0.6183, 0.9891, 253.81
0.4116, 1.4840, 71.72
2.8607, 4.4646, 295.87
6.9820, 3.0188, 297.88
4.9631, 3.2247, 247.46
2.0406, 0.7970, 95.58
6.3917, 3.4272, 155.26
9.0111, 4.0737, 32.89
7.4999, 0.1940, 293.27
0.0435, 1.5424, 288.40
2.5451, 0.1164, 233.06
2.8662, 4.2742, 24.28
6.6695, 0.3016, 146.76
3.3305, 4.2534, 227.81
6.4039, 3.6569, 30.58
0.4599, 0.3322, 168.92
4.5632, 2.1316, 9.12
3.2285, 2.1310, 223.43
3.8366, 0.2691, 38.08
0.2141, 0.6103, 294.37
1.9278, 0.7893, 35.37
8.7381, 2.4180, 319.33
1.3901, 2.1024, 64.02
4.4468, 2.2114, 246.43
4.3947, 1.5043, 27.32
7.9123, 0.9297, 193.80
6.4237, 0.1580, 108.67
3.6031, 1.2714, 219.61
4.2360, 2.0706, 177.52
0.9222, 2.0693, 42.25
4.3482, 0.1541, 284.84
4.9666, 0.5711, 70.94
2.0939, 4.3694, 134.71
4.9954, 3.9765, 73.00
8.4390, 3.8947, 229.71
1.1148, 0.4107, 312.01
7.9159, 0.0332, 3.78
9.9021, 2.1616, 118.66
2.6992, 0.9641, 107.67
0.9320, 0.3650, 229.97
9.3271, 4.7158, 253.72
6.9644, 0.5696, 234.87
7.1417, 0.4697, 168.36
0.3381, 1.1422, 147.96
4.9901, 0.6877, 195.15
1.6707, 3.4165, 224.22
7.9058, 2.3535, 280.86
8.3828, 0.9069, 93.58
8.1295, 3.1898, 224.52
0.9064, 3.2906, 303.05
3.3912, 4.2386, 197.84
4.2454, 3.2170, 54.62
0.9637, 2.4674, 248.68
1.1435, 2.1807, 259.65
4.2998, 2.7720, 300.28
9.8155, 2.1372, 138.33
4.9401, 2.7474, 284.55
6.9684, 1.2287, 350.66
4.2421, 4.0245, 120.89
2.2386, 1.7867, 17.60
4.3059, 0.1786, 342.66
3.4836, 4.5882, 86.47
5.8532, 2.6007, 89.41
8.6620, 4.7226, 44.23
8.8138, 0.0948, 282.60
9.2312, 3.3525, 6.11
6.1911, 1.1867, 291.24
0.0206, 2.5475, 329.42
4.1453, 2.4193, 65.39
4.2815, 4.4211, 161.20
3.8622, 3.0871, 107.04
3.2351, 4.3066, 190.46
5.7609, 3.0852, 261.30
4.0361, 2.5787, 65.52
0.8410, 0.2411, 136.44
6.0022, 3.9201, 278.65
0.8867, 1.8584, 63.64
9.0170, 0.0755, 103.76
7.6328, 1.5289, 22.87
6.3787, 0.5046, 67.17
1.6876, 2.0966, 28.86
4.4699, 4.7478, 174.38
0.0872, 1.5816, 255.25
1.5530, 2.5137, 244.18
5.0933, 0.8804, 119.45
8.1395, 1.2091, 162.21
3.4934, 2.4914, 213.08
0.2433, 2.9057, 300.02
4.0185, 1.1396, 347.68
7.6320, 0.2001, 158.23
4.2399, 4.5740, 9.15
2.9192, 2.6666, 350.06
9.5158, 2.5154, 62.12
0.8769, 2.6824, 257.10
4.7933, 4.0552, 7.24
6.8296, 2.4452, 214.04
2.3828, 0.6383, 38.12
5.5050, 4.5993, 305.44
9.8216, 0.7270, 3.06
4.0758, 1.2424, 178.40
1.4185, 2.2622, 332.70
8.9213, 0.4981, 78.10
7.4815, 2.7721, 30.31
5.2815, 1.2252, 253.82
1.1302, 2.4922, 249.79
9.6854, 4.2770, 120.83
0.9741, 3.4918, 265.95
6.2332, 4.8421, 338.46
4.1132, 4.1686, 333.14
5.4582, 3.2929, 239.19
6.0774, 0.9664, 187.01
1.8517, 0.0886, 176.59
6.7608, 2.7309, 35.28
5.6656, 0.4795, 295.75
4.8801, 4.1090, 149.46
1.7730, 1.4951, 257.53
8.2943, 4.6155, 164.57
5.0309, 0.0755, 267.90
3.5868, 4.3352, 120.16
3.3784, 2.7717, 165.47
4.0948, 1.6503, 143.91
5.6299, 2.9369, 220.24
0.0427, 4.4077, 334.45
9.4151, 1.4412, 284.85
7.1697, 0.9059, 326.21
0.1116, 0.7581, 336.96
1.6565, 1.0628, 17.10
2.8166, 2.7889, 285.55
6.1655, 4.7548, 244.05
5.9649, 3.0690, 343.59
5.3724, 4.8148, 33.04
6.0572, 2.8914, 160.80
6.2854, 2.5646, 176.07
3.6282, 2.6105, 245.25
6.8982, 1.7723, 254.84
7.8334, 0.4266, 49.37
2.4728, 1.7196, 183.10
0.3881, 1.8565, 252.21
2.1536, 3.5400, 322.70
7.1821, 4.2066, 189.99
5.7190, 0.8081, 168.00
8.3580, 3.0810, 185.90
6.2290, 0.5571, 192.19
4.8983, 2.5074, 322.89
0.7110, 0.2759, 115.69
0.5659, 1.4990, 177.22
9.3011, 3.1222, 212.07
2.0134, 4.4440, 208.33
9.6648, 0.2004, 67.28
1.1572, 1.4263, 103.32
2.6320, 1.6985, 163.34
3.3204, 4.6206, 109.29
0.7654, 3.3616, 282.48
2.4054, 1.7067, 295.36
8.0613, 3.7699, 321.31
8.3775, 1.8602, 188.19
6.7317, 2.7696, 234.77
5.3393, 3.7041, 166.23
0.1322, 2.7704, 51.50
9.8301, 4.9975, 54.32
2.6471, 2.4607, 217.60
5.0293, 0.4279, 314.86
3.9100, 4.1954, 304.84
2.7304, 1.0443, 249.66
8.0454, 3.0431, 305.15
5.2376, 0.1872, 234.71
5.6013, 4.5829, 49.83
5.0821, 0.3115, 218.39
6.7963, 1.1803, 92.51
4.3350, 2.4951, 223.89
3.5143, 2.1216, 266.85
7.6620, 0.5173, 292.62
1.8269, 1.3438, 123.15
0.6555, 1.1877, 207.88
0.4626, 1.8709, 135.58
6.5638, 0.6062, 284.46
3.7815, 2.0702, 264.83
6.3598, 3.8991, 10.38
1.4692, 4.4138, 84.30
8.1061, 3.4049, 17.68
9.3818, 4.5624, 58.66
9.6470, 0.0187, 29.12
6.4128, 4.9387, 60.89
9.6048, 3.1690, 62.56
7.4761, 2.4966, 94.88
1.8612, 4.0753, 158.79
4.0183, 4.1233, 184.19
2.8937, 3.3563, 55.64
8.8840, 2.2130, 257.16
8.8961, 0.7641, 49.88
1.2672, 2.1968, 97.22
5.1580, 0.2584, 216.03
8.7955, 0.8803, 211.86
1.0580, 4.6122, 67.75
3.5793, 3.2853, 347.58
4.8864, 2.0565, 95.18
8.0087, 4.8776, 222.60
3.1126, 1.1765, 220.40
7.0251, 4.2797, 329.22
5.0370, 3.9291, 240.95
3.6262, 2.2958, 173.31
7.2867, 2.6209, 86.68
7.0797, 2.4668, 248.22
3.2623, 3.3463, 342.32
8.7722, 2.9476, 323.66
6.2350, 1.0560, 187.30
7.1478, 1.2771, 154.59
9.5567, 2.8988, 67.26
1.8515, 4.9592, 110.96
2.3956, 2.0405, 61.71
7.6449, 1.3807, 181.11
3.8161, 0.7200, 42.70
6.7116, 4.6362, 22.42
8.0551, 3.2395, 236.33
5.6025, 2.8869, 32.90
9.7114, 0.0950, 290.62
8.3788, 1.1355, 115.59
4.2906, 2.8406, 186.52
3.2751, 4.6886, 83.37
9.2467, 1.9599, 75.83
1.3736, 1.4383, 135.24
5.8607, 0.9889, 22.60
1.6527, 2.4504, 103.82
0.8558, 3.5608, 190.53
4.8286, 0.9153, 58.49
5.0851, 1.6803, 45.65
6.9808, 2.0653, 201.24
3.6165, 1.5280, 218.44
2.1287, 2.0437, 236.91
0.4903, 1.6426, 180.80
4.3556, 2.2955, 192.30
0.2289, 4.4687, 36.57
4.9576, 4.3103, 306.59
9.3805, 4.3871, 24.01
4.7794, 1.0513, 250.24
9.7358, 2.4028, 356.33
4.2920, 2.8878, 58.92
3.7081, 0.8236, 66.09
0.3736, 2.0496, 185.96
8.0274, 3.4362, 33.94
5.3015, 3.5704, 20.85
2.6085, 4.6538, 276.44
5.3055, 4.1652, 182.44
9.4338, 3.3033, 96.72
4.2747, 4.7754, 165.72
2.4277, 4.6012, 27.66
8.8900, 2.5161, 348.43
8.3646, 3.9990, 319.47
8.8021, 2.5271, 238.20
7.8678, 4.3833, 147.16
7.3738, 0.6513, 167.67
8.6661, 1.8693, 343.80
8.3982, 2.1333, 115.42
6.2171, 4.2569, 143.90
2.6034, 1.4638, 189.45
1.7691, 3.1044, 162.26
3.8269, 4.2766, 104.24
4.4648, 4.2785, 298.88
3.9457, 3.2942, 48.83
7.8615, 0.7891, 91.32
8.5990, 4.3928, 54.27
2.1624, 4.7579, 88.33
9.5799, 4.0216, 90.16
1.3069, 1.6266, 193.44
7.8001, 2.5868, 326.59
7.7596, 3.5984, 315.19
0.7462, 3.0608, 68.86
1.8767, 4.3594, 213.74
5.3936, 0.2445, 182.89
1.1621, 0.4411, 82.66
8.3949, 3.9995, 137.15
2.5265, 1.9466, 292.94
2.6041, 0.5845, 149.05
2.4438, 4.3305, 273.65
5.3878, 4.1896, 31.05
7.5617, 2.7839, 338.55
0.6765, 3.7840, 191.42
8.6988, 0.7278, 123.62
7.4176, 0.4542, 327.95
2.2313, 4.3543, 332.41
5.8310, 4.1667, 133.29
9.6338, 2.7875, 34.16
6.5698, 4.8004, 244.65
8.3372, 2.0545, 296.83
4.2336, 1.6465, 125.51
5.1828, 2.6858, 235.30
9.5346, 1.5500, 59.21
8.8403, 2.8246, 110.99
3.5905, 2.8403, 62.09
4.5769, 3.4032, 95.54
3.9765, 1.7653, 48.50
3.7167, 2.9157, 280.47
9.1636, 3.4566, 47.17
0.8172, 1.5768, 331.57
1.1299, 1.0424, 262.26
0.5297, 1.1130, 18.12
3.1954, 2.2772, 54.92
0.7055, 1.3111, 66.42
5.8104, 1.6169, 200.48
5.2812, 0.6124, 111.33
9.3098, 1.9651, 340.71
1.6353, 2.1773, 100.26
8.0272, 4.1827, 148.97
6.4773, 4.8550, 330.08
9.0151, 1.2724, 198.65
1.2284, 1.7335, 308.42
1.5279, 1.1761, 249.33
4.7609, 1.3261, 319.08
8.5091, 0.3503, 266.21
3.8946, 1.8177, 308.39
2.2760, 2.0420, 150.11
0.5363, 0.6909, 286.57
9.6964, 4.9142, 145.37
5.9263, 0.2804, 220.41
8.3569, 4.8719, 320.97
4.0384, 3.6764, 165.99
0.9940, 1.5983, 259.10
7.9584, 3.6252, 253.09
8.3636, 2.7716, 356.32
3.6242, 4.7211, 283.10
8.9167, 3.1836, 305.72
1.7755, 2.9621, 49.75
0.1099, 4.0784, 277.52
4.7456, 1.4872, 132.94
7.8978, 0.7457, 28.45
8.1226, 1.4622, 290.27
7.6887, 1.4831, 214.91
3.0842, 3.9426, 214.05
4.0945, 4.1244, 271.53
9.7151, 0.5983, 172.55
3.5132, 4.0700, 328.67
3.2394, 3.2474, 349.73
4.7039, 1.7699, 345.24
1.6345, 4.3587, 249.07
8.2833, 3.2486, 0.49
6.9085, 4.6423, 118.11
8.0226, 0.5001, 324.12
8.0176, 3.9820, 89.69
8.8159, 3.0985, 237.35
7.5345, 1.4905, 261.29
7.8274, 2.6664, 9.50
8.6605, 0.7960, 196.46
3.3663, 3.6687, 160.75
0.9052, 0.2025, 253.48
6.7252, 3.6033, 252.99
2.6408, 3.9183, 300.87
0.8359, 3.4568, 37.31
0.9858, 1.0206, 275.89
8.5584, 4.4062, 34.50
9.8916, 0.3383, 303.35
8.0075, 4.4231, 139.26
6.7651, 3.0853, 30.15
5.6071, 2.8837, 75.95
8.5536, 1.1650, 143.67
6.0433, 0.7277, 92.28
4.2534, 0.8305, 220.43
5.3388, 4.3178, 100.55
2.1107, 3.8841, 255.99
7.4316, 2.6020, 358.38
6.3857, 4.1788, 136.75
3.2316, 2.6589, 297.00
6.2214, 3.6434, 214.11
6.6059, 2.2777, 36.24
4.0986, 3.6530, 319.65
9.2279, 4.9411, 10.22
7.9059, 2.8229, 148.66
8.6390, 0.4998, 93.17
2.0598, 3.2765, 350.68
0.2835, 4.9408, 219.50
9.1602, 3.7085, 143.31
2.2318, 0.6099, 279.08
2.1519, 0.9503, 131.30
1.3220, 2.9552, 302.70
9.7256, 0.2055, 141.26
6.9965, 4.9490, 200.06
5.2462, 2.7573, 333.87
5.2694, 0.6325, 331.43
1.3720, 1.2844, 310.57
6.5981, 0.0247, 65.64
3.2427, 0.8860, 163.06
9.9020, 2.8341, 178.58
7.6241, 2.0865, 29.86
2.6375, 2.7036, 88.72
9.4554, 3.2188, 161.82
1.3907, 0.2709, 4.75
1.1025, 4.0117, 340.49
7.6185, 1.6887, 79.21
1.0938, 1.6668, 266.15
8.3678, 2.1759, 136.44
6.9051, 4.0903, 355.64
5.1788, 0.5878, 62.41
2.8873, 3.9948, 65.23
4.7255, 2.5082, 82.50
1.0396, 1.3046, 107.32
6.7447, 1.3002, 302.85
6.9751, 0.3038, 321.25
0.6446, 2.8491, 216.27
3.7416, 2.5827, 332.03
3.6614, 3.7482, 324.39
9.5927, 0.7777, 41.40
9.5011, 3.3914, 26.94
7.7046, 3.7527, 228.30
8.6851, 2.9935, 332.83
7.5081, 2.9087, 217.41
4.2932, 3.1703, 121.14
1.1605, 1.2494, 299.03
1.8589, 2.3907, 194.55
8.1103, 0.1814, 114.59
4.7714, 3.1137, 99.47
8.6385, 2.3555, 226.18
4.7257, 2.2103, 185.61
3.5104, 2.8501, 299.26
4.1483, 3.0955, 332.07
1.7662, 2.2892, 61.26
4.3574, 0.6646, 48.82
6.0767, 2.6275, 44.58
2.4753, 1.0480, 48.97
5.5069, 2.3139, 273.41
9.4096, 3.4896, 291.65
0.2915, 0.7030, 103.51
4.2892, 4.4857, 122.30
8.5217, 1.9588, 73.15
0.8821, 3.2508, 321.13
7.9381, 3.8728, 112.45
6.7267, 4.4358, 58.72
0.0533, 0.4463, 16.27
5.5998, 3.2895, 208.16
5.2574, 4.1167, 129.69
6.9498, 4.3868, 165.28
1.4454, 4.0929, 102.73
4.2358, 2.5900, 228.28
5.2953, 2.7279, 307.56
5.1742, 1.0670, 254.59
4.7970, 3.0381, 91.75
9.3446, 3.1838, 240.51
7.0688, 4.4229, 315.59
2.5490, 3.8824, 21.13
9.2441, 3.5006, 186.47
0.7478, 0.1764, 341.67
7.6773, 2.7186, 191.98
4.1732, 4.9990, 136.79
7.0644, 0.6822, 101.57
4.4039, 4.0239, 331.97
7.7276, 2.7961, 171.45
6.7966, 2.7175, 358.11
0.7427, 4.3298, 322.86
3.1766, 1.6959, 164.50
9.4280, 4.8603, 64.39
9.5589, 1.1596, 291.95
6.2481, 3.4336, 185.74
4.7724, 1.3129, 39.57
2.9970, 1.3887, 85.15
9.0869, 2.9848, 20.04
3.8026, 0.1111, 124.77
7.6489, 3.0044, 64.61
7.4006, 3.4704, 0.13
8.3281, 0.4066, 123.24
6.3372, 1.9370, 16.05
8.5970, 0.1817, 202.43
6.8292, 1.7304, 313.77
5.6867, 2.3321, 255.99
7.1328, 1.5096, 16.51
7.7816, 3.1454, 6.22
3.9092, 4.0879, 276.20
5.8200, 0.1685, 334.59
8.8059, 4.3735, 67.46
5.8228, 0.7063, 75.00
6.2856, 0.4556, 134.62
3.9641, 1.5653, 270.17
1.0010, 3.3189, 190.22
6.8875, 2.3262, 257.64
4.3426, 1.3867, 22.51
1.6056, 1.9634, 344.10
2.4592, 1.5957, 253.13
1.8937, 2.9659, 0.38
5.2139, 2.9639, 63.84
6.3507, 0.6198, 338.68
1.9112, 0.1975, 112.54
8.9547, 1.2753, 302.32
0.2227, 0.3326, 149.78
0.9638, 0.4346, 134.55
5.6595, 2.5200, 265.17
1.9762, 3.6398, 48.24
7.9602, 4.0324, 304.67
9.3164, 4.1914, 115.24
3.5177, 0.8939, 273.78
4.0057, 4.3503, 327.32
9.2960, 2.2949, 129.32
0.5253, 4.9520, 274.55
7.5048, 1.8790, 31.17
2.6992, 3.7698, 229.22
0.9636, 1.1320, 294.02
6.8727, 2.8059, 146.37
8.1062, 3.6969, 228.49
3.2243, 2.0866, 157.71
1.8656, 0.7213, 40.67
0.6998, 1.6140, 144.01
4.6179, 3.2082, 140.10
6.9617, 0.5173, 341.77
9.1153, 2.2832, 68.29
0.4726, 2.6831, 22.00
8.8964, 1.0100, 348.85
5.4873, 0.6876, 123.19
0.4889, 3.2405, 342.26
2.9874, 0.3533, 307.93
6.0592, 1.2745, 321.46
4.2551, 4.3043, 257.92
4.9869, 0.8658, 89.81
9.0920, 0.4435, 349.75
9.7168, 4.7112, 32.94
1.9827, 4.8844, 304.27
2.2687, 1.5236, 329.09
5.4812, 0.0219, 43.32
0.0097, 1.0905, 80.51
1.9644, 4.0698, 358.66
9.7010, 2.9615, 179.58
9.9595, 3.6944, 33.89
1.2433, 3.0760, 243.63
9.3803, 3.7068, 22.19
3.4941, 2.6161, 35.69
6.0288, 4.7008, 225.73
8.6678, 4.7038, 191.96
1.4612, 1.6564, 242.03
2.9606, 4.7516, 233.39
9.9214, 3.2993, 132.88
5.8120, 2.3628, 315.33
1.5019, 1.7987, 246.19
4.5530, 1.6427, 312.00
8.1436, 4.1931, 151.79
1.5748, 1.3938, 169.97
3.2040, 1.2304, 169.64
4.6838, 1.5645, 221.16
4.7309, 0.4856, 235.71
4.6744, 1.2292, 176.64
1.6761, 1.4049, 219.70
3.2045, 1.8148, 94.24
3.9069, 2.6246, 161.97
0.4069, 3.3303, 196.95
4.2018, 0.9640, 280.67
1.6569, 0.1336, 296.04
5.3639, 1.7092, 313.10
9.9287, 4.6414, 202.37
0.2469, 4.4087, 192.52
5.1577, 2.1184, 88.28
2.7705, 0.0252, 267.96
4.7761, 0.3264, 39.86
2.5575, 3.3322, 175.33
7.3202, 1.6430, 10.46
8.3507, 0.0409, 252.99
6.1410, 3.9841, 107.58
0.7580, 0.9261, 283.21
6.3350, 4.6285, 64.80
5.0926, 4.3524, 291.78
7.6336, 3.6102, 93.10
4.1137, 1.2210, 100.14
2.7723, 1.4260, 235.70
4.4352, 3.0448, 69.53
1.1897, 1.3366, 296.82
8.0437, 0.2981, 176.66
5.6080, 3.3742, 313.32
3.1721, 4.9403, 259.88
6.0635, 1.5207, 19.51
8.5066, 4.9521, 82.14
7.8697, 1.9120, 49.40
3.1162, 2.3158, 187.64
3.9299, 1.5115, 279.39
0.5464, 4.5611, 85.06
4.2472, 0.5803, 219.31
4.3136, 3.8264, 116.14
6.4895, 4.3869, 328.01
7.4373, 2.8792, 39.64
6.7090, 1.4914, 28.45
9.0609, 4.3874, 294.38
2.6517, 0.0015, 183.33
2.2696, 4.7275, 191.78
0.3190, 3.8972, 275.88
1.6769, 1.8821, 245.01
1.9306, 4.1177, 67.21
0.6027, 3.1605, 328.99
5.3727, 0.6103, 254.30
5.2825, 1.6462, 245.99
5.5252, 3.9856, 260.11
3.8143, 4.7806, 148.39
0.7245, 1.9179, 78.82
1.6455, 0.4213, 150.65
5.2625, 2.8275, 107.82
5.1526, 4.7263, 166.12
5.2932, 1.3164, 250.40
2.8565, 0.8861, 206.11
7.9292, 3.7881, 22.71
7.3287, 3.1790, 226.58
3.8805, 2.2819, 220.13
4.9475, 3.1356, 106.32
8.0019, 2.9608, 90.78
2.1468, 1.7887, 185.14
2.1759, 4.0013, 262.92
5.4652, 4.7962, 260.83
4.8894, 2.5323, 23.11
6.8494, 1.8532, 103.95
3.3257, 4.3600, 13.08
9.4372, 1.1599, 345.60
5.1865, 2.3609, 82.43
6.1815, 3.0873, 98.20
0.3442, 1.1509, 312.23
4.3596, 1.6851, 285.93
7.3634, 1.2640, 272.82
7.1775, 2.4134, 324.58
0.2639, 3.4466, 60.91
4.2884, 4.4575, 15.60
6.7637, 2.5162, 32.13
1.7035, 0.7784, 15.29
6.8317, 2.7919, 233.77
0.4496, 0.4527, 307.82
0.7785, 4.5059, 5.41
8.5488, 0.0041, 355.46
6.1733, 0.9846, 196.76
7.2204, 0.8721, 96.07
0.6004, 1.4038, 10.56
9.6152, 2.1514, 29.04
6.2940, 3.6972, 44.50
0.0149, 2.9084, 269.96
2.9275, 1.5246, 72.30
7.9075, 3.1986, 151.23
2.3450, 2.6629, 188.95
0.0947, 4.7113, 265.72
1.1736, 2.9439, 83.87
1.0280, 1.3320, 116.80
8.5744, 0.9725, 114.50
3.6348, 3.1251, 299.61
0.0239, 2.6206, 227.22
2.4446, 4.5942, 279.97
0.0568, 0.2881, 228.82
0.4874, 2.5518, 39.65
8.0551, 4.1357, 47.64
8.7514, 4.6870, 56.77
7.7857, 3.2195, 351.12
8.3347, 0.0050, 135.69
2.2599, 3.9401, 219.32
1.9609, 0.0639, 180.56
8.6711, 2.0991, 164.53
4.7063, 4.3763, 217.36
0.0078, 2.3171, 121.04
6.2195, 4.9830, 14.29
7.7532, 4.1201, 18.51
1.0719, 3.1953, 28.46
6.4129, 2.6714, 356.03
8.2632, 4.8614, 276.78
4.6593, 3.6120, 168.29
4.7462, 1.0746, 68.32
4.9105, 3.7146, 283.92
9.6645, 3.2773, 241.77
5.4773, 4.9515, 246.78
9.5881, 3.7961, 54.72
1.3802, 1.5137, 208.29
3.4781, 0.3389, 307.41
0.2293, 0.7301, 83.10
5.5389, 1.6181, 201.36
0.5034, 0.2994, 276.82
3.6599, 2.7355, 41.13
3.6283, 3.3542, 278.36
0.3767, 4.1617, 169.61
3.1696, 3.8297, 319.13
7.9299, 0.5066, 0.87
6.0707, 0.1146, 161.31
7.6385, 0.9107, 94.52
3.7140, 0.2968, 158.43
3.3644, 1.3074, 96.03
1.5523, 3.6258, 138.65
2.3503, 1.8493, 207.19
6.8713, 1.0069, 220.13
6.7448, 3.6888, 96.56
4.6545, 3.5285, 313.15
5.6625, 0.9808, 77.73
1.6796, 4.9323, 42.47
9.2627, 3.4448, 236.02
8.5528, 4.7016, 239.41
5.3390, 3.1425, 32.02
7.6565, 1.5453, 187.36
5.8527, 4.9525, 91.29
0.4023, 0.2764, 242.78
5.8243, 0.1436, 220.70
0.8339, 2.0983, 256.90
1.8012, 3.8474, 256.85
4.5489, 0.4346, 231.51
6.2022, 3.1609, 71.41
3.3229, 2.4401, 345.50
7.3204, 4.0724, 79.53
1.6990, 4.7858, 312.43
3.8156, 3.4417, 274.09
5.1561, 1.3024, 22.66
7.1390, 2.1620, 13.57
9.9302, 4.4765, 133.63
5.4703, 2.4056, 87.15
1.7791, 4.5579, 310.61
4.4092, 2.0436, 170.02
7.5639, 1.8729, 253.21
6.2636, 2.5256, 50.46
4.0448, 4.9648, 25.30
0.8226, 4.8247, 192.69
0.2962, 3.5853, 111.48
8.5856, 1.0784, 261.63
6.1600, 4.3064, 141.01
4.2122, 4.8284, 83.30
7.1373, 4.9850, 57.15
8.1310, 1.9162, 149.21
8.2644, 3.5213, 343.92
7.6088, 0.2342, 178.88
0.6659, 3.8356, 220.18
9.8560, 2.4658, 201.31
4.1342, 1.0754, 294.63
7.6501, 4.4519, 249.90
8.3017, 1.4052, 296.99
7.8884, 1.4037, 50.10
4.1838, 3.9052, 204.15
5.0199, 3.5096, 276.26
4.6174, 3.5506, 300.00
6.0158, 3.8124, 230.10
3.2796, 1.2524, 55.00
1.9064, 1.9815, 136.64
5.8235, 1.3627, 259.03
8.4532, 2.9770, 180.76
8.9066, 0.8885, 89.73
1.0358, 0.0811, 189.25
8.4870, 0.8961, 324.03
5.1214, 0.7737, 24.50
1.3958, 0.2386, 223.31
4.0634, 2.6383, 351.68
4.7285, 4.4860, 70.96
5.3446, 4.3345, 329.42
7.8668, 3.2563, 24.50
2.2325, 2.0343, 65.76
4.0265, 3.0013, 274.40
9.0049, 2.3106, 191.82
0.4988, 4.1218, 206.71
3.4274, 2.1609, 329.00
8.7007, 2.7056, 94.04
3.3383, 2.0231, 250.84
9.3377, 2.4029, 188.91
6.2099, 3.3911, 202.32
0.9635, 2.9985, 339.94
4.1948, 3.3103, 137.59
9.9078, 4.6492, 62.49
2.0986, 2.1115, 112.94
7.0450, 4.3556, 28.18
5.4693, 3.2354, 256.59
8.8957, 2.7885, 77.39
0.3025, 2.2614, 332.41
2.4162, 4.8718, 277.50
6.8078, 4.4396, 168.78
1.6150, 3.5950, 103.86
0.3242, 4.5900, 100.20
6.4718, 3.5397, 65.75
9.5236, 4.2904, 102.01
0.0893, 4.3565, 295.82
0.0182, 3.8270, 7.91
3.5162, 0.9089, 200.45
7.0975, 3.5785, 276.26
1.7746, 1.6487, 59.20
9.1825, 1.6612, 145.60
6.3858, 0.3606, 159.39
2.4095, 2.7364, 264.74
7.9421, 0.6973, 104.00
2.0051, 4.3416, 6.40
4.2805, 4.2144, 110.93
9.8195, 4.4113, 114.06
7.3862, 0.3313, 218.46
3.3166, 3.2647, 167.42
3.4743, 2.9223, 99.65
9.3355, 0.8481, 192.18
4.9947, 3.1411, 102.67
7.1601, 3.5723, 161.27
6.7469, 2.9761, 194.83
0.6055, 4.8696, 303.81
4.4392, 1.6199, 286.99
1.2368, 0.5118, 52.77
9.6927, 2.3264, 154.79
0.6960, 1.7012, 65.58
1.3368, 3.3255, 357.42
9.5255, 2.3988, 253.67
6.7517, 4.9180, 102.31
1.3776, 2.4580, 327.52
9.3339, 3.2739, 112.65
6.0325, 4.7764, 146.52
4.5714, 3.5018, 295.99
2.7187, 4.2790, 229.56
3.4243, 3.5344, 282.18
1.5634, 3.9306, 195.44
1.7680, 2.6942, 143.66
2.8387, 0.1309, 23.96
6.8172, 4.9371, 359.00
3.0991, 4.4078, 145.37
7.6318, 0.6482, 252.30
6.8656, 1.4534, 241.07
9.6372, 0.4457, 318.53
9.7839, 4.9760, 89.89
2.8642, 2.2583, 241.39
0.8709, 4.6526, 99.56
4.2081, 1.5215, 208.33
7.7621, 1.2854, 167.08
8.3650, 0.9124, 171.69
1.3578, 4.4347, 272.59
8.1044, 0.6929, 86.63
5.6669, 4.0349, 216.01
3.4298, 3.8749, 75.43
7.6273, 4.8773, 243.06
9.9576, 3.5920, 213.88
7.7906, 0.6294, 50.25
0.4658, 0.3649, 201.66
1.0355, 3.9687, 328.55
1.6652, 3.5286, 348.54
3.3183, 1.0216, 8.48
4.8773, 3.4138, 19.64
7.4134, 2.5950, 115.00
7.7050, 4.5706, 274.89
9.4459, 4.3840, 285.13
4.5034, 1.2152, 192.26
9.7614, 4.8859, 172.36
4.4561, 2.6735, 91.25
8.8948, 4.4672, 1.31
9.2944, 1.0661, 54.48
3.7055, 1.2586, 163.23
4.5663, 0.3150, 41.36
5.2500, 3.1642, 58.13
9.8764, 0.9421, 77.90
5.6668, 3.4609, 174.53
2.6716, 3.6788, 20.90
4.6001, 0.9170, 61.35
7.4408, 2.4375, 248.27
0.2671, 2.9330, 11.37
5.0576, 4.8271, 321.62
5.8608, 4.4307, 230.87
4.2000, 2.3564, 170.34
1.3546, 0.6094, 170.03
9.8224, 3.3039, 151.45
9.5465, 2.0333, 132.73
8.9708, 2.0317, 151.91
3.2715, 3.9630, 26.59
5.7705, 0.3261, 211.72
3.6375, 0.9272, 147.98
9.2430, 2.9948, 67.33
0.0426, 4.7235, 109.67
7.9612, 0.3189, 279.44
6.5420, 4.2015, 25.84
8.0499, 2.7632, 80.97
5.6883, 1.5974, 14.27
6.1398, 1.0375, 258.03
0.8159, 4.0854, 113.92
6.7236, 0.2578, 352.93
7.1672, 1.0006, 170.84
9.4783, 2.8421, 71.64
5.9881, 2.7879, 130.48
1.7208, 1.4669, 311.39
5.7836, 0.0530, 34.61
5.5187, 2.0668, 327.84
5.5177, 4.3054, 94.34
6.3144, 2.1498, 52.32
2.3599, 3.0272, 21.00
9.8193, 4.2466, 252.85
1.8846, 1.0708, 33.60
8.2706, 1.7206, 160.38
1.5861, 2.1826, 238.92
5.1012, 0.0283, 109.72
3.3267, 1.3703, 56.48
6.6804, 2.3086, 253.81
7.4431, 1.3238, 234.43
8.9207, 1.6516, 226.80
5.9098, 3.8348, 198.01
5.6931, 3.2751, 129.80
4.9815, 3.9300, 162.69
8.9678, 3.1434, 308.59
4.2159, 1.5610, 213.05
6.0165, 3.5288, 155.38
6.5085, 0.4479, 346.53
3.0342, 4.9595, 49.90
4.7497, 4.2647, 342.74
7.9846, 3.9219, 28.05
8.7612, 2.9689, 137.40
9.2067, 0.6276, 3.89
8.1965, 1.2895, 235.47
0.5679, 1.4375, 58.28
3.9794, 0.2619, 85.71
5.4401, 4.4978, 43.51
7.1909, 0.8006, 169.82
7.0978, 2.3891, 4.03
0.7505, 1.1011, 67.23
1.5964, 1.2482, 99.14
0.4160, 4.5549, 176.41
1.6995, 2.3522, 246.85
6.6711, 3.8041, 249.17
5.0648, 1.9099, 346.65
9.6172, 2.2883, 219.23
2.2890, 1.9008, 309.41
3.2576, 3.6337, 115.09
7.7553, 1.0738, 343.73
3.6888, 4.7578, 12.41
6.5249, 3.4286, 190.70
5.0502, 4.5729, 320.27
5.2856, 4.6732, 250.95
9.3561, 1.4302, 354.81
0.8409, 2.8048, 149.31
0.2854, 2.5534, 228.98
7.8930, 2.8132, 92.41
5.8393, 4.1318, 260.32
9.3672, 3.7266, 83.66
6.5349, 4.6642, 237.26
7.2333, 1.2238, 209.92
8.3519, 0.4234, 161.29
6.9585, 3.2031, 172.75
4.1466, 4.6885, 226.95
4.6325, 3.2895, 260.95
9.6464, 0.8097, 84.61
2.6437, 0.9315, 20.65
1.7622, 2.9844, 21.14
6.3350, 0.3406, 4.99
8.3569, 2.4230, 293.93
3.2479, 0.0748, 223.54
5.7490, 3.8995, 257.76
8.0934, 3.7567, 131.90
4.0300, 1.4484, 191.91
9.4600, 1.9972, 247.98
6.3921, 2.7849, 222.51
8.4634, 3.9946, 149.52
0.2236, 4.9607, 300.05
0.4152, 2.9186, 56.00
8.4354, 4.3961, 336.55
8.2374, 1.6143, 349.77
1.3357, 4.0594, 200.27
1.8735, 4.8481, 270.61
5.5230, 4.7193, 314.45
2.6652, 2.1743, 145.11
7.1924, 4.3940, 344.08
5.5529, 1.1782, 335.60
5.0125, 3.8915, 144.09
8.3183, 3.4005, 150.57
6.0424, 1.0006, 145.93
8.7032, 1.4219, 119.74
3.3502, 1.2843, 21.63
3.4795, 1.2619, 338.32
2.5139, 4.3373, 185.34
5.9475, 0.5992, 102.59
4.0737, 2.2480, 334.69
2.7194, 3.6395, 74.01
9.4586, 0.6144, 192.83
5.3251, 0.7470, 262.14
0.4907, 0.1257, 22.86
7.1045, 3.5506, 229.21
9.9057, 3.6103, 53.92
3.7617, 3.0374, 77.07
3.8956, 3.6896, 153.94
7.7106, 1.6490, 123.57
5.2716, 3.6022, 152.57
9.9373, 3.7317, 197.55
5.2209, 3.0932, 276.32
7.9961, 1.6500, 169.17
1.6314, 3.1020, 224.58
2.2968, 4.1092, 345.81
2.9084, 4.6339, 273.37
0.7750, 3.6620, 300.65
3.7980, 0.1561, 216.73
0.2772, 0.1104, 51.04
5.1546, 4.6834, 55.41
8.4768, 0.7730, 24.22
0.7638, 3.6245, 67.34
7.3024, 0.8746, 150.25
9.2204, 0.1431, 153.11
5.3209, 0.3165, 133.91
2.8744, 1.2373, 70.08
1.1182, 0.3544, 205.45
0.2781, 3.8119, 48.05
6.2202, 3.3172, 59.06
9.5142, 4.9824, 87.23
0.9979, 4.6325, 8.95
7.8453, 0.5974, 198.29
8.3238, 4.0958, 351.96
4.8168, 1.1104, 201.90
6.1549, 2.2474, 155.97
4.0384, 1.2907, 183.57
5.6018, 1.0053, 315.20
1.1441, 4.9464, 345.43
5.8982, 0.2195, 302.91
9.3102, 2.1580, 268.41
8.7628, 3.1992, 285.97
3.2828, 4.0850, 122.99
5.3408, 4.9370, 96.47
0.2312, 3.7862, 155.89
5.7391, 3.2332, 4.22
5.6062, 2.1332, 56.81
3.9197, 0.5941, 140.21
9.4388, 2.4022, 161.33
4.9702, 0.5342, 162.27
3.2146, 0.6107, 300.05
6.3924, 3.6246, 3.20
7.2198, 1.2566, 188.17
3.4990, 3.5879, 112.65
2.6217, 1.1425, 150.71
6.3452, 2.4285, 192.11
8.3170, 4.6261, 196.45
5.5648, 3.5932, 185.06
2.7913, 3.6835, 351.28
8.0526, 0.0005, 315.58
2.8767, 4.5979, 338.32
9.9739, 4.2828, 289.97
2.9348, 1.8762, 169.97
1.2257, 3.3164, 154.01
1.6703, 0.3204, 26.54
6.8759, 2.9628, 199.97
0.7548, 4.5348, 129.63
5.3332, 1.6100, 113.62
4.6456, 2.8107, 183.44
4.2062, 1.3715, 175.46
2.5090, 1.7173, 14.46
8.8428, 2.4398, 118.53
7.8225, 3.1073, 138.46
0.1048, 0.8667, 233.42
1.8978, 2.6937, 187.84
9.4860, 0.6820, 21.17
9.2196, 2.8613, 71.24
5.6671, 2.8564, 318.42
6.2839, 2.5605, 170.34
0.0686, 2.0737, 335.55
0.0400, 3.7176, 341.62
4.0740, 4.6055, 118.92
5.9966, 0.1988, 66.87
6.3385, 1.1227, 27.99
9.0399, 3.3497, 358.25
9.1237, 3.1709, 281.36
7.0267, 3.4671, 332.22
9.5956, 1.3521, 254.43
4.8716, 4.6116, 35.35
3.0225, 1.2718, 116.82
9.2334, 3.9610, 238.52
2.1763, 4.9084, 179.65
0.4135, 1.5961, 0.17
8.4117, 3.0952, 334.68
0.7134, 2.4761, 253.20
5.8134, 4.6962, 173.72
3.3541, 0.5777, 309.44
3.4952, 4.9582, 163.03
1.7341, 3.1768, 154.06
9.6549, 4.8983, 169.24
4.0891, 3.3960, 117.94
9.6166, 0.8286, 92.75
9.3430, 0.2819, 261.55
9.0778, 0.0812, 218.70
9.5132, 3.2579, 77.37
6.8694, 2.8477, 103.37
8.2023, 3.0975, 72.32
3.9336, 2.0776, 150.44
5.6108, 4.9466, 148.96
1.7444, 2.1986, 54.75
2.7053, 3.3002, 86.08
3.8613, 2.7161, 124.27
0.7369, 1.2348, 114.58
4.2167, 4.5346, 355.97
4.2683, 4.6599, 113.60
1.9004, 1.0806, 48.99
7.3213, 3.3039, 205.49
4.2750, 1.4828, 214.24
6.2550, 2.9681, 77.65
3.9591, 4.3367, 32.57
6.4105, 2.8050, 41.82
7.6005, 2.3584, 298.93
6.3155, 1.6939, 204.99
9.4688, 2.6525, 4.74
3.4407, 2.6440, 169.82
4.1597, 1.3305, 142.51
5.0657, 3.9625, 92.64
5.7325, 0.7543, 158.32
2.2103, 2.0948, 189.51
6.0620, 1.6400, 310.79
7.6626, 4.8100, 59.48
7.0929, 4.0197, 205.79
7.3820, 1.5815, 230.02
7.3832, 1.1979, 6.30
9.0355, 1.6593, 100.16
1.7634, 1.0282, 166.00
1.9217, 2.7308, 299.52
5.6454, 2.0006, 330.23
0.3453, 0.5337, 137.95
3.7045, 3.5698, 54.32
3.0545, 3.9317, 54.73
9.3158, 2.1782, 323.34
6.7101, 2.8428, 300.16
4.5139, 4.6093, 84.57
6.7774, 1.8404, 163.70
7.9523, 1.7359, 83.72
0.3320, 1.4545, 23.36
5.5195, 3.2713, 163.03
3.9914, 3.8653, 47.30
5.7043, 0.5431, 93.52
2.3486, 4.7977, 95.88
2.9013, 0.9360, 164.99
3.6302, 3.1686, 247.25
6.4323, 0.8121, 300.87
9.2234, 0.2065, 41.33
5.0154, 1.4437, 146.98
1.6585, 4.7426, 213.82
3.7809, 2.2811, 14.72
8.2781, 3.3726, 249.42
1.3955, 3.5141, 291.89
3.9329, 2.6438, 305.12
5.7877, 3.8765, 34.02
4.6627, 3.6374, 343.99
6.3136, 1.2631, 176.43
9.2878, 2.3548, 345.92
9.1789, 4.8921, 248.91
9.1310, 0.5378, 17.98
7.1029, 2.5871, 179.80
9.6860, 4.2887, 263.91
1.2762, 2.3400, 278.35
6.1386, 0.0580, 286.31
9.6901, 0.2045, 331.67
5.7219, 3.8138, 0.12
6.4347, 0.4849, 240.83
3.1142, 4.5454, 219.04
2.1730, 3.9356, 312.12
8.6480, 3.6414, 24.04
5.0300, 4.4052, 149.21
1.1177, 4.2104, 325.66
1.6369, 4.4893, 339.08
1.2432, 4.2099, 143.37
9.1048, 1.7977, 292.61
8.5266, 2.6896, 126.46
0.4772, 0.2930, 350.86
9.8300, 0.2072, 213.53
0.1900, 4.8705, 52.13
1.1760, 1.4398, 249.15
0.5337, 2.6142, 150.79
7.7709, 4.7283, 83.67
3.9678, 3.9077, 40.16
9.2336, 3.8237, 8.16
8.0382, 4.0871, 109.52
9.9455, 1.7105, 56.88
7.7775, 2.1121, 257.48
3.7918, 2.5748, 29.59
8.6754, 0.2166, 250.27
5.4940, 3.9741, 150.88
5.2402, 4.3498, 72.54
9.3728, 1.7775, 118.30
0.5381, 1.1690, 236.74
6.2067, 4.6882, 147.80
4.1982, 1.3946, 62.02
9.5088, 2.4416, 49.82
0.1202, 1.5099, 251.04
4.1848, 4.1704, 51.26
9.2920, 0.1827, 110.14
5.4135, 0.8234, 352.33
1.7205, 1.2732, 50.97
0.4437, 2.5425, 341.11
6.9376, 1.7139, 112.36
2.5374, 1.2041, 214.65
4.2973, 0.0144, 40.45
7.4693, 0.5944, 24.72
8.0438, 1.9644, 316.56
9.6172, 4.4518, 174.03
7.2411, 2.0317, 323.76
5.0785, 2.9762, 153.60
8.0441, 0.7375, 70.63
9.4821, 1.3723, 266.87
6.9475, 1.7950, 286.19
1.0134, 0.6596, 125.43
1.4591, 3.1359, 130.32
1.6645, 3.0376, 3.01
5.2821, 2.2362, 334.14
9.9975, 1.9733, 252.13
3.7865, 1.0119, 287.24
5.4338, 3.3708, 175.51
6.0317, 0.4009, 302.83
6.5000, 3.0868, 294.82
2.4766, 2.5432, 69.68
1.2326, 2.4341, 92.42
5.2411, 3.7098, 66.83
4.3466, 4.7661, 358.38
9.4601, 0.0867, 226.45
2.9441, 4.6774, 136.16
3.1941, 4.5477, 257.00
3.5844, 4.8568, 226.06
2.0330, 4.5058, 188.80
9.5164, 1.9271, 307.37
9.4817, 1.1596, 205.45
7.0725, 4.6615, 313.88
0.3361, 1.7945, 186.21
8.4548, 3.6704, 197.80
3.8386, 0.3895, 192.11
2.5054, 1.5585, 262.74
0.5229, 4.8912, 213.37
6.6245, 1.0414, 164.42
6.8305, 0.9170, 29.89
5.1945, 3.5474, 50.31
5.3762, 1.0536, 213.91
0.1684, 0.5109, 91.48
0.6641, 1.1400, 318.63
4.9355, 2.0216, 52.77
6.6463, 0.6447, 81.30
3.0936, 0.6373, 266.05
4.1710, 4.9989, 112.64
1.8515, 2.5321, 286.71
4.2993, 1.4639, 199.39
3.8593, 1.7848, 336.52
6.1133, 0.7631, 188.66
4.7211, 4.7186, 140.90
5.6638, 0.6588, 185.18
3.1962, 2.2308, 169.80
8.2736, 0.2047, 119.02
9.3305, 2.2128, 316.75
4.9918, 2.9738, 176.89
3.8454, 3.3692, 226.91
5.5906, 3.5088, 93.92
1.3236, 4.4812, 220.20
6.2538, 2.3756, 124.99
6.8404, 3.8717, 202.73
4.9712, 1.2445, 347.58
6.4413, 2.6691, 252.55
3.1371, 4.6100, 245.50
0.2602, 4.8799, 253.64
2.9286, 0.2456, 5.86
5.3168, 1.9225, 16.60
8.4516, 4.6996, 86.28
1.9042, 1.1323, 323.27
3.4453, 4.8547, 339.88
7.4099, 0.3838, 327.15
3.7783, 4.1522, 199.74
7.8103, 3.2293, 190.93
8.4154, 4.8636, 55.99
0.7983, 1.1594, 326.27
9.1349, 4.9974, 54.87
5.5088, 3.1398, 29.28
0.6899, 3.2068, 176.65
2.7310, 4.9072, 308.24
6.0487, 1.9895, 97.49
6.1464, 1.2223, 11.99
2.5588, 2.5262, 1.03
3.5484, 1.4146, 101.13
3.7307, 2.6565, 227.17
3.6628, 0.9455, 315.23
5.9362, 3.6840, 297.38
4.3186, 1.1052, 352.49
4.5509, 3.0420, 359.02
7.7331, 1.0296, 88.55
6.3053, 1.5747, 239.99
4.3306, 0.5434, 230.69
9.3550, 2.5566, 203.81
0.8141, 4.0974, 310.17
5.4446, 1.9097, 198.39
4.7723, 1.9737, 164.67
9.6686, 0.1611, 26.97
1.0753, 2.0939, 108.36
2.1929, 4.9606, 155.34
9.2923, 0.0495, 326.21
8.9924, 1.8230, 97.02
7.6136, 0.3206, 25.30
2.0900, 1.8308, 86.05
1.9257, 0.8679, 268.96
7.7868, 0.3765, 151.38
4.1294, 1.7877, 195.27
1.4053, 4.1507, 39.68
0.0840, 1.1870, 13.90
2.0569, 1.9161, 34.79
9.0863, 4.8048, 162.93
6.8839, 2.0919, 226.13
6.9603, 0.2063, 211.12
9.8763, 0.6496, 215.17
7.1094, 0.2186, 288.84
4.6073, 3.5250, 222.48
6.1233, 4.6605, 267.51
5.4507, 1.6490, 325.69
2.1612, 3.1339, 216.47
2.0022, 3.1688, 213.98
7.2448, 2.4703, 217.11
1.3705, 0.8247, 229.37
7.4647, 2.2473, 221.08
4.7111, 2.9480, 317.45
4.1113, 4.8752, 6.35
0.5842, 2.9347, 30.84
7.9211, 1.4367, 115.80
5.3952, 4.0932, 176.89
4.9451, 3.6797, 43.59
3.8259, 3.1750, 197.13
4.3632, 2.7452, 300.58
0.8361, 3.1251, 124.49
7.1457, 2.7634, 21.96
8.3227, 4.0637, 36.36
2.3307, 3.9844, 266.02
7.4185, 3.7144, 252.56
8.2793, 3.5507, 203.15
7.4928, 4.9559, 218.81
2.3487, 1.6153, 203.68
4.3174, 0.9762, 74.71
7.3788, 4.4663, 86.91
8.2280, 3.5131, 284.26
1.2096, 1.8414, 110.77
7.2037, 0.1557, 229.02
9.7752, 4.8627, 55.07
6.0848, 3.8061, 188.91
7.7838, 2.8545, 265.95
9.1712, 0.1919, 180.64
7.8455, 4.0279, 38.23
6.9815, 2.6716, 194.86
2.9474, 1.5517, 240.27
4.4535, 2.5082, 194.38
5.8051, 1.2350, 272.59
2.0637, 1.3754, 318.39
6.7472, 2.7223, 53.34
6.4222, 2.4397, 287.83
2.1662, 3.3299, 228.61
2.9918, 0.5941, 18.57
8.3008, 3.4818, 110.60
0.3603, 2.2017, 115.99
3.5567, 4.6263, 294.19
6.3799, 4.3035, 166.86
4.9562, 0.4792, 215.67
6.8736, 1.5829, 233.09
6.9970, 4.8598, 43.64
2.8653, 0.9770, 79.28
7.6502, 0.7185, 191.18
6.7785, 3.3638, 85.33
0.2984, 4.5830, 259.72
2.1079, 4.0125, 177.78
9.0901, 3.8490, 288.43
2.8467, 0.0163, 199.72
0.6597, 3.0201, 302.44
3.7268, 4.2854, 115.13
2.3593, 3.9829, 99.54
7.1484, 2.3772, 132.09
4.7237, 1.6891, 205.79
1.3614, 1.2754, 175.54
7.2652, 0.5419, 54.26
7.5124, 2.7369, 122.90
6.4774, 2.7656, 173.49
1.3679, 1.5578, 39.48
2.1885, 3.4241, 259.85
4.9750, 4.5460, 300.39
7.1973, 2.5216, 7.28
5.3199, 0.0656, 166.52
3.3644, 2.0668, 187.13
6.2765, 4.1932, 342.08
3.0185, 1.0075, 254.35
3.1802, 0.4394, 47.43
7.1012, 1.9112, 111.68
6.1484, 0.5882, 173.98
8.9227, 2.6959, 298.29
4.4572, 3.3565, 136.80
6.5615, 4.8536, 313.39
5.0289, 4.1709, 280.94
6.9681, 3.6372, 67.34
0.4047, 0.2895, 25.97
0.2215, 4.2379, 94.64
7.3672, 3.1431, 170.62
4.6629, 2.2522, 14.31
3.9515, 3.9073, 7.96
4.0346, 3.0803, 63.81
6.5117, 2.2340, 110.59
4.0573, 4.5863, 253.18
1.1610, 1.4628, 261.70
2.4994, 1.6094, 236.68
5.1098, 3.1282, 254.93
4.7212, 0.0260, 150.67
6.6469, 0.7831, 317.46
2.3625, 0.1264, 18.06
3.4394, 2.1468, 207.30
4.5655, 1.1753, 314.06
0.4842, 3.3211, 130.02
3.9722, 2.5031, 95.63
0.9038, 4.1280, 178.13
5.8510, 0.9075, 297.78
2.9969, 1.0509, 86.67
0.3729, 1.8907, 293.26
4.5491, 2.5089, 8.46
9.2357, 2.9102, 260.13
5.3544, 3.8978, 228.09
9.6167, 2.8253, 254.29
7.3353, 2.1184, 309.93
9.3555, 2.2513, 302.73
5.1585, 3.6686, 43.77
0.3624, 1.3125, 331.66
0.9797, 2.0475, 81.54
7.9672, 2.4548, 228.76
3.8835, 2.5701, 142.24
8.6911, 1.3219, 287.67
4.5186, 1.3209, 115.00
8.9842, 4.5765, 87.25
4.2397, 4.3318, 172.97
4.0185, 4.5577, 346.83
2.1355, 0.7629, 79.11
9.3570, 0.6958, 250.02
6.2176, 1.6752, 322.04
8.7960, 0.5584, 253.61
0.9175, 4.5966, 204.15
0.6826, 4.0669, 44.98
0.9094, 0.1299, 57.02
8.8404, 2.0955, 2.53
0.8561, 2.0634, 312.87
4.3882, 2.6823, 45.27
4.4463, 4.8862, 46.92
1.3102, 0.4309, 239.46
0.6692, 4.3484, 263.26
6.3635, 4.8631, 106.76
6.6825, 0.3188, 216.24
6.7497, 1.7227, 338.29
6.4300, 4.2474, 150.62
8.3751, 4.1068, 147.64
5.8720, 1.9769, 54.37
6.3068, 2.9179, 140.80
6.1131, 1.3049, 202.70
1.4562, 0.1879, 243.89
4.6669, 0.9224, 103.82
8.6273, 4.8052, 109.50
7.7904, 2.8309, 256.51
8.4959, 2.3536, 269.44
9.6046, 4.4778, 140.53
5.3484, 0.1945, 91.77
7.8769, 2.7650, 234.39
5.6646, 2.4312, 110.63
5.2338, 4.1785, 304.67
5.4585, 2.9664, 121.73
8.1019, 3.5704, 245.80
4.0433, 0.5822, 201.43
0.3828, 4.8228, 320.13
3.1156, 3.7032, 150.80
4.3417, 4.9684, 323.42
5.2646, 0.1660, 153.41
3.3390, 3.7988, 355.01
0.7598, 4.1572, 35.25
0.3507, 3.2676, 178.47
6.3386, 3.8003, 19.10
1.1612, 4.8161, 168.17
2.7047, 3.3815, 107.25
8.2745, 4.0038, 347.37
3.5443, 1.0179, 36.09
6.1444, 0.3097, 358.17
2.8871, 1.5119, 61.13
4.9243, 1.0806, 35.15
8.5005, 1.3679, 176.06
5.5195, 4.2144, 354.51
6.1702, 2.7675, 74.66
1.4699, 0.1050, 182.11
5.3365, 3.2644, 317.23
7.5685, 2.0202, 40.91
7.8929, 4.1044, 149.75
2.8121, 3.5055, 298.65
5.8125, 0.7741, 252.97
3.2442, 0.6122, 40.63
1.2208, 1.2166, 128.92
3.6517, 2.9472, 70.67
1.3517, 0.8917, 120.58
1.3515, 4.4613, 258.13
9.5793, 0.6531, 299.03
3.0845, 0.5565, 251.78
1.4615, 3.7432, 351.05
1.5289, 3.2477, 323.71
5.5373, 1.1178, 326.91
5.9391, 3.3295, 311.66
2.9139, 0.2223, 310.29
2.3265, 4.7537, 243.38
6.7726, 0.8032, 114.03
3.3332, 2.7832, 201.74
2.2305, 2.7771, 156.78
7.4432, 3.8712, 218.86
3.7059, 1.2100, 124.46
9.4539, 3.2954, 317.48
9.3379, 3.6876, 49.39
3.5476, 1.5020, 305.91
0.1623, 0.3460, 25.37
7.3226, 0.9073, 310.27
3.1805, 3.5241, 89.49
0.8586, 1.1777, 313.75
6.8347, 2.2816, 235.99
2.8554, 0.5038, 336.23
5.5123, 3.8173, 47.31
4.1785, 2.3212, 52.49
4.1069, 2.4830, 338.47
1.6247, 4.3056, 180.44
8.1827, 4.3905, 168.61
9.6171, 1.5751, 197.86
8.6791, 2.0098, 164.77
5.2137, 1.2901, 215.38
3.0674, 4.5889, 352.94
3.1239, 1.4139, 246.97
9.3606, 1.7622, 222.10
2.7591, 3.3703, 146.98
9.7528, 2.2235, 251.52
4.6008, 0.2381, 237.75
6.9641, 2.7678, 283.53
4.8496, 3.0160, 292.16
5.2984, 1.0980, 165.06
9.5261, 0.8606, 188.81
8.2482, 4.6135, 301.57
6.7094, 0.9722, 39.27
8.2725, 1.8614, 80.42
4.5167, 0.3705, 327.83
1.2848, 4.2914, 202.31
5.2538, 0.9079, 228.42
4.6157, 2.1185, 355.38
4.2880, 3.8779, 268.55
0.1975, 4.1268, 221.43
5.2953, 0.3838, 224.69
7.2421, 4.6176, 295.23
2.8278, 3.4130, 91.22
5.2669, 2.2371, 148.45
2.9871, 1.3750, 220.33
0.6240, 0.7759, 48.72
4.7803, 2.5780, 312.56
7.9456, 4.5918, 329.00
4.1591, 1.1612, 179.95
9.9661, 4.5034, 210.42
3.4464, 2.4532, 136.71
2.0751, 2.5901, 120.25
9.5340, 4.1700, 67.87
0.3815, 0.1649, 15.56
7.9185, 1.6103, 280.12
3.5967, 0.4127, 68.14
8.7443, 4.7326, 148.92
1.9705, 2.6377, 110.67
6.6050, 0.9582, 185.20
8.5361, 1.2649, 246.62
3.3205, 2.0005, 335.18
4.9622, 0.3097, 151.88
9.4447, 2.8253, 88.20
6.6868, 1.6282, 247.20
3.1951, 2.0588, 225.59
2.8843, 4.4772, 205.60
2.9200, 0.3430, 311.54
0.7207, 1.9318, 175.81
3.3149, 0.0265, 35.65
1.9585, 3.5626, 132.60
8.8255, 2.1620, 96.39
1.8044, 1.7212, 145.88
5.4283, 4.5089, 177.31
0.0386, 0.5334, 220.62
1.5816, 3.5038, 229.93
0.3208, 1.7824, 182.84
8.1607, 4.9067, 292.79
9.8421, 0.0416, 203.56
1.5926, 2.1189, 119.88
4.1094, 2.3001, 6.00
6.4408, 1.1513, 203.25
9.2544, 2.0351, 69.41
3.5754, 2.9536, 278.02
4.6352, 0.6875, 355.08
7.7579, 0.1243, 227.95
5.6449, 4.3190, 252.21
1.1099, 2.1199, 313.33
1.2952, 1.6128, 318.45
0.5568, 4.6540, 286.82
0.8715, 1.9043, 340.00
7.3548, 1.1569, 36.73
6.3346, 1.3564, 61.27
7.7546, 2.2189, 35.99
6.7962, 3.0361, 78.47
3.3974, 2.7990, 23.38
5.8964, 1.3772, 23.90
4.5089, 0.5623, 63.04
9.5065, 1.7410, 60.25
2.4766, 4.9379, 245.96
5.0932, 4.9400, 310.14
0.1920, 3.8116, 300.46
8.4999, 2.7836, 73.05
5.0459, 4.9918, 101.65
1.2150, 2.2013, 36.49
1.8287, 3.3727, 79.51
5.2429, 3.4198, 333.65
1.3695, 1.8838, 26.37
7.2833, 4.5667, 16.70
5.3286, 0.8690, 111.34
8.4983, 0.1204, 4.68
8.0556, 4.0302, 325.53
4.4824, 4.5483, 20.24
3.8707, 4.1123, 135.35
8.9821, 0.9996, 298.09
4.3018, 1.2082, 294.88
0.8024, 4.0725, 178.89
7.0172, 3.8268, 282.31
4.8524, 4.6250, 150.32
0.0319, 0.7012, 320.78
6.3216, 2.5772, 234.09
6.9494, 2.4077, 177.55
6.2586, 1.8043, 35.19
7.1757, 2.1770, 153.06
1.1079, 2.9145, 174.09
9.0411, 1.9728, 69.50
9.3869, 2.2439, 127.56
9.3379, 1.1214, 317.23
2.6885, 0.6785, 22.61
6.2819, 0.2517, 167.28
0.6008, 4.6582, 272.42
1.7972, 1.5249, 165.96
2.8553, 4.9644, 168.71
0.7324, 1.0855, 98.82
8.0675, 3.1153, 229.72
5.7965, 2.3480, 68.04
6.1434, 0.9606, 68.73
0.8524, 1.4187, 3.72
4.7754, 4.4836, 275.84
9.5221, 0.4070, 51.23
8.1622, 2.0104, 111.76
0.4714, 1.9340, 267.45
6.3852, 3.1232, 101.80
6.5380, 2.6176, 103.47
3.7933, 2.6508, 7.88
2.1154, 2.2342, 231.30
3.9320, 3.3544, 294.87
8.4016, 2.7812, 297.23
3.2975, 0.9872, 62.70
0.9778, 1.5964, 21.61
3.0608, 3.4113, 288.99
3.6328, 1.5473, 3.80
3.2945, 4.4569, 96.26
6.3917, 4.5142, 357.12
6.1753, 4.9465, 254.66
2.8671, 4.8770, 190.48
2.5017, 3.2581, 286.86
4.4289, 1.0090, 173.27
9.5120, 3.9768, 190.95
8.0699, 2.4962, 306.53
9.8779, 4.6056, 273.13
8.9684, 3.4986, 262.59
6.2397, 2.7293, 238.64
8.8492, 2.0259, 13.98
6.5323, 3.5590, 18.81
1.1350, 4.4091, 187.21
2.3779, 3.2213, 254.48
4.9147, 3.3022, 51.90
2.1717, 4.5245, 228.24
3.3271, 4.1916, 82.70
6.5257, 1.6315, 178.78
5.8404, 4.0770, 201.64
2.8675, 1.8622, 322.14
6.8492, 1.8539, 260.74
3.2223, 4.9376, 117.75
5.3787, 0.9892, 21.07
0.6715, 0.4313, 283.48
3.3091, 4.4531, 263.75
7.6686, 1.8320, 233.86
7.4527, 0.8832, 52.79
3.9361, 3.4895, 105.98
9.1612, 1.7351, 240.49
9.0969, 3.8296, 173.23
7.3781, 1.1564, 121.70
4.7258, 0.5392, 94.47
7.6887, 0.9015, 213.74
4.4397, 0.5022, 102.79
0.2939, 0.9918, 273.87
7.0960, 0.9997, 302.06
0.2986, 2.3439, 305.23
6.1135, 2.9226, 103.79
4.5491, 1.6006, 258.60
3.1465, 2.7033, 200.55
7.8374, 4.6220, 229.27
0.2108, 4.1727, 329.50
3.2445, 4.3639, 68.54
8.8938, 3.5946, 113.64
5.4011, 3.7560, 35.85
2.7118, 3.4397, 44.94
0.6117, 2.0947, 219.74
2.5011, 3.0939, 270.86
2.7933, 3.7486, 155.44
4.4374, 1.3149, 21.89
1.3580, 1.0206, 229.55
5.0845, 3.8436, 50.08
9.8814, 3.3254, 168.99
7.8175, 3.5172, 35.11
0.6580, 1.9545, 78.03
8.6455, 2.0929, 58.18
0.9581, 2.4359, 96.05
8.6205, 2.0449, 215.20
2.6768, 2.3202, 60.47
3.7769, 2.1154, 355.89
6.9879, 1.0171, 291.57
6.7337, 4.3487, 110.03
7.3786, 0.1578, 227.93
8.5446, 4.6952, 257.10
2.9740, 3.9355, 2.09
9.0046, 4.6259, 249.90
6.0499, 1.9364, 307.01
3.4792, 3.7076, 192.47
1.9533, 1.7004, 350.14
3.1421, 4.2797, 355.75
6.0546, 0.7013, 45.80
8.2264, 2.0310, 170.45
2.6982, 1.0234, 230.87
2.0952, 4.1662, 183.32
0.2838, 0.1563, 127.16
0.6847, 0.4032, 340.35
4.4401, 0.4479, 70.54
5.6793, 4.5052, 248.30
8.6894, 0.7207, 158.18
8.4268, 0.4138, 0.54
8.0198, 0.1185, 101.98
9.7953, 0.2745, 67.19
0.3424, 2.7223, 207.53
6.6222, 0.1488, 19.30
3.7391, 2.5787, 344.22
5.7447, 1.5979, 75.87
6.3000, 1.6945, 190.32
3.3212, 4.5470, 181.65
4.4149, 3.8559, 97.23
4.2367, 0.6376, 102.49
3.8794, 4.1421, 26.61
7.1747, 2.2046, 328.69
1.0438, 0.9843, 198.34
6.6506, 4.9209, 327.20
6.8506, 4.7835, 78.93
0.5494, 1.7683, 255.63
1.2830, 2.3036, 178.35
2.8396, 1.7761, 345.79
0.0586, 1.1228, 43.07
0.0268, 1.0589, 257.50
2.1570, 0.3222, 42.24
2.3087, 2.3491, 245.51
3.1132, 3.3828, 68.45
9.6767, 2.9216, 104.22
5.5331, 1.9287, 199.97
6.6288, 2.1748, 175.85
2.8478, 3.0762, 10.85
6.7283, 3.5066, 299.04
2.8919, 2.1842, 64.65
9.0762, 4.3858, 259.96
9.6052, 0.8707, 10.57
5.4538, 1.0464, 63.41
9.2529, 2.3221, 320.32
7.6572, 1.6891, 28.51
7.8029, 4.4811, 351.16
1.7202, 4.2654, 29.64
1.1365, 4.9668, 196.18
7.1193, 0.2363, 197.61
9.0211, 2.6446, 96.67
0.4302, 4.8112, 312.57
2.2322, 0.6317, 37.59
6.2613, 2.4505, 118.64
4.2198, 0.6973, 117.08
5.0366, 4.7219, 98.79
1.6723, 2.0680, 48.56
1.5768, 4.9921, 116.11
1.8117, 0.9854, 97.14
5.6703, 4.9353, 41.94
4.3339, 1.2705, 27.93
9.1855, 2.2714, 344.93
7.2113, 1.0065, 15.04
1.1299, 3.4127, 306.05
1.8174, 0.8494, 333.43
2.0760, 2.5361, 125.22
6.3751, 4.0314, 234.15
4.9495, 2.2738, 330.16
4.1448, 1.4859, 45.24
0.2595, 4.0722, 109.93
1.8750, 0.4909, 231.82
5.4899, 3.2355, 222.94
0.6693, 0.8169, 247.43
5.9606, 0.7791, 75.50
4.9960, 1.0504, 298.93
3.2083, 1.1313, 113.42
2.0451, 1.7400, 136.59
9.7485, 3.6234, 121.94
5.2970, 4.0939, 307.79
6.7648, 0.7991, 165.73
7.3014, 2.9998, 170.51
6.9359, 1.1205, 188.98
2.6609, 3.6869, 250.55
5.5215, 4.7103, 245.47
0.9709, 4.3892, 151.55
1.0398, 2.6103, 271.54
3.3770, 1.7918, 135.17
6.8223, 3.8770, 60.31
7.1321, 1.6818, 160.23
7.3097, 3.7450, 340.45
3.3746, 1.4408, 202.63
9.3389, 2.5148, 265.43
7.4238, 1.1650, 316.54
9.3451, 2.5076, 11.29
5.6174, 0.7897, 250.64
7.0900, 3.3346, 314.05
0.8397, 4.4392, 247.26
9.4062, 3.2916, 18.94
8.4431, 3.7621, 162.94
2.5864, 0.5582, 53.44
4.6598, 0.0836, 202.07
6.2424, 0.2013, 263.30
2.8428, 0.5202, 178.23
2.3656, 3.9008, 157.89
1.1380, 4.1608, 43.12
9.3403, 3.0062, 233.74
4.1917, 1.6979, 276.84
1.6622, 0.9075, 300.13
7.4100, 1.9443, 12.53
2.9066, 3.8801, 211.95
8.2175, 3.7310, 50.02
6.3511, 3.6827, 234.17
0.1155, 3.8491, 163.11
6.1622, 0.4465, 78.42
6.7129, 3.9428, 303.46
0.0140, 3.0457, 105.58
7.4881, 2.2279, 275.54
3.5803, 1.6318, 179.36
4.0551, 0.7823, 4.63
1.9385, 2.3635, 40.54
7.1279, 0.9940, 350.33
3.7539, 0.7534, 111.80
4.5991, 3.7859, 270.31
5.5857, 2.6684, 215.15
3.9870, 4.8765, 3.63
7.1034, 2.8533, 82.00
1.5150, 0.3793, 134.38
2.9286, 0.5162, 65.25
0.2555, 2.5659, 260.39
1.6198, 4.5467, 355.19
9.4482, 2.7042, 212.10
0.7233, 0.9506, 253.87
7.8207, 1.0397, 322.72
8.5278, 2.1594, 135.45
8.0036, 4.7551, 296.93
8.6736, 0.6468, 87.88
5.4929, 2.6961, 10.69
4.9953, 2.1725, 271.78
6.5491, 1.2004, 97.30
0.5279, 1.5163, 177.15
8.6820, 3.4039, 328.98
1.1709, 3.2475, 120.18
9.0710, 4.1951, 150.25
2.8470, 4.6988, 344.11
0.1117, 0.0483, 90.45
0.1787, 4.7574, 303.86
8.0206, 2.1642, 359.43
5.1502, 1.6057, 349.29
5.6489, 3.0770, 190.22
3.4465, 2.6674, 145.22
5.7552, 0.2738, 14.66
4.7552, 0.0448, 113.54
8.6880, 0.8735, 149.89
5.3494, 0.4757, 287.88
4.9452, 2.5313, 155.55
1.3253, 4.9580, 212.85
0.0899, 4.8670, 179.89
4.8281, 0.2423, 233.20
9.8559, 1.3975, 55.73
8.8629, 2.9106, 235.35
6.1488, 3.9865, 283.13
8.8514, 1.8124, 234.66
4.3139, 3.1211, 16.24
8.4242, 3.8106, 133.28
0.2559, 4.3057, 299.84
1.5764, 1.3578, 329.64
1.6539, 4.2526, 173.89
1.1638, 2.4612, 256.66
0.5374, 3.2548, 198.54
0.2357, 3.0780, 274.45
7.2645, 0.6539, 302.66
9.9209, 4.6768, 309.78
3.0674, 4.8418, 45.45
5.4203, 2.5692, 80.18
5.1131, 2.8435, 350.31
0.4890, 0.6763, 168.06
1.1869, 2.9707, 320.43
2.8331, 2.5522, 115.14
3.7118, 3.1177, 127.51
8.3340, 1.7772, 81.27
7.2760, 3.6465, 232.39
9.0260, 1.8954, 1.04
2.8550, 1.9368, 75.12
7.9697, 1.2125, 92.69
9.9649, 1.8461, 46.37
5.4444, 3.1832, 29.98
2.7796, 1.5021, 311.69
6.6965, 0.6872, 113.49
8.3508, 1.6505, 91.62
5.2039, 4.2285, 103.77
9.9323, 0.6396, 278.44
7.0816, 3.6555, 56.01
4.1400, 4.8541, 139.36
3.4632, 2.8197, 338.24
0.7374, 3.1230, 162.50
3.9129, 3.4926, 346.20
8.2321, 2.6104, 209.65
8.0175, 2.7019, 142.50
2.4893, 2.8472, 318.96
4.5061, 4.9663, 79.08
5.2980, 2.1895, 356.96
7.9857, 3.7373, 256.03
3.8198, 4.8796, 265.72
1.8447, 2.6992, 208.86
3.2952, 1.6152, 318.46
5.7392, 1.0194, 308.36
7.2377, 3.7855, 186.51
0.1263, 4.9267, 138.67
8.6625, 0.3861, 251.00
2.6850, 0.0569, 305.58
0.2303, 2.1348, 230.89
9.5081, 0.5742, 26.62
0.1096, 3.2449, 190.02
3.0015, 3.0289, 211.55
3.8047, 4.9642, 168.93
2.4519, 0.0122, 337.68
6.9188, 2.1292, 206.96
2.0260, 2.4485, 201.89
0.2193, 2.4566, 72.41
7.7976, 1.4918, 195.47
8.0229, 3.2318, 200.17
9.4819, 3.4423, 156.44
6.5428, 1.5233, 54.73
3.4837, 4.4332, 326.65
2.5221, 2.0787, 50.14
7.9322, 1.3520, 92.69
6.6415, 2.3428, 169.98
8.0376, 2.3687, 284.54
0.5250, 1.7426, 163.29
8.8718, 4.2421, 95.42
5.1296, 0.8862, 92.04
8.9386, 3.4526, 333.20
5.3432, 0.1567, 158.83
6.8438, 2.7390, 142.28
3.3530, 1.3319, 60.47
6.2794, 3.8553, 237.12
5.0236, 3.6095, 104.80
9.9870, 2.7723, 204.22
1.3487, 2.9484, 32.71
1.6431, 1.6342, 336.65
3.6999, 4.9155, 49.31
9.1079, 0.3719, 97.79
7.8119, 0.3543, 35.80
0.6329, 0.9623, 246.88
5.8248, 3.9674, 99.13
8.7130, 2.7672, 319.79
9.8700, 2.5363, 113.14
0.5437, 4.3444, 8.21
6.6750, 0.6191, 176.24
9.9577, 3.6031, 56.43
6.7522, 0.4753, 29.84
5.3999, 4.9620, 44.24
4.9127, 0.0494, 31.75
2.6182, 4.6871, 320.56
6.8197, 4.7418, 189.19
7.2838, 3.4310, 270.49
7.6735, 4.6866, 8.70
1.9741, 1.5089, 276.62
6.6687, 3.3540, 214.00
3.0667, 2.1677, 65.46
3.3944, 4.1816, 357.29
8.4648, 2.4610, 52.00
1.3831, 4.7061, 97.48
6.0712, 2.6482, 91.00
9.3839, 1.5561, 17.89
7.9952, 1.2717, 114.49
6.5006, 0.8668, 32.72
4.1398, 4.8659, 248.02
1.4739, 2.2509, 315.19
1.3053, 3.3335, 36.07
5.9947, 1.3116, 345.60
5.5013, 3.0374, 271.64
9.2103, 2.9250, 169.85
8.6613, 0.1857, 106.03
1.9542, 0.2284, 237.41
8.3899, 1.0570, 251.82
9.9172, 4.9077, 301.77
3.6661, 0.6591, 68.14
3.1367, 2.2191, 184.64
5.8385, 2.0194, 273.66
8.8742, 4.0376, 223.72
3.6989, 3.9547, 275.66
8.4243, 4.2793, 160.30
3.0442, 1.5554, 145.39
1.7225, 2.6654, 204.52
8.1477, 3.7513, 2.67
8.4378, 1.8539, 33.83
3.9462, 2.8807, 42.02
0.0441, 3.2193, 34.51
1.0695, 3.1715, 150.81
1.4116, 3.3586, 31.07
9.7013, 3.1956, 205.25
8.3255, 0.5281, 309.95
9.5753, 0.2021, 291.33
1.7777, 1.1612, 193.27
7.3693, 4.7953, 89.60
6.3325, 3.5764, 215.86
7.1495, 0.5328, 115.80
9.7068, 3.1966, 245.48
4.5194, 0.6867, 347.78
0.0108, 0.0974, 305.01
7.3935, 2.8840, 325.88
2.1340, 0.2272, 171.54
9.1889, 4.0733, 295.53
1.9183, 2.9180, 22.07
1.3167, 1.8909, 315.44
5.2509, 2.1652, 232.03
3.9700, 2.6186, 258.08
4.8935, 0.1359, 132.18
0.9244, 4.9491, 268.62
3.8801, 1.3940, 329.46
5.5367, 1.6959, 110.27
1.3424, 1.9676, 163.36
1.9641, 3.7584, 58.22
2.2855, 4.3948, 85.29
5.2720, 3.7733, 248.90
1.1160, 0.8867, 224.14
4.5476, 4.6064, 167.97
0.0087, 3.1565, 322.61
5.8719, 4.7419, 246.99
9.4377, 2.9151, 56.48
4.6239, 2.7496, 228.41
6.9560, 1.9227, 36.21
8.9782, 1.6380, 114.66
4.2292, 1.3312, 192.01
1.1424, 0.0295, 150.31
1.8776, 2.4861, 212.69
2.6049, 1.8156, 348.24
7.7815, 0.8080, 20.59
0.5719, 1.3984, 72.18
3.1837, 2.0199, 324.50
1.7306, 0.2623, 142.03
7.9221, 4.0228, 112.84
0.4757, 2.2154, 356.68
9.6297, 1.2065, 172.81
6.6640, 3.8700, 279.69
5.1505, 3.9752, 176.69
2.8087, 4.4982, 112.18
3.2128, 3.9557, 217.17
7.7462, 4.4271, 349.32
6.7527, 2.0018, 142.13
0.5173, 4.4159, 197.34
8.5683, 0.1183, 140.89
5.2735, 4.5225, 260.71
0.7315, 4.2522, 20.39
9.3248, 1.4413, 359.14
4.6757, 2.6275, 307.91
6.9130, 3.2568, 75.37
8.2757, 2.5102, 251.97
9.6001, 3.0114, 186.44
3.2980, 0.3612, 144.16
4.4106, 1.4669, 336.34
1.5223, 2.2794, 129.68
9.3997, 1.3692, 261.88
5.4130, 3.5609, 74.67
0.7542, 1.8009, 270.38
0.4924, 3.8209, 325.62
1.7659, 3.7959, 281.09
6.9987, 0.5056, 283.85
5.6475, 2.3297, 13.98
9.8508, 2.6288, 147.49
1.7932, 1.0013, 117.11
6.2176, 3.0389, 125.60
8.0856, 2.0141, 211.30
0.9412, 1.7572, 187.09
2.9236, 2.1051, 340.28
4.3407, 0.5193, 214.66
